# practice R script

x <- 1:5

<<<<<<< HEAD
# create conflict
=======
# create conflict 2
>>>>>>> d4f769349ce856d2ebbe7c70015682233b3c94c3
